[suren@HaghDazhDefoov ~/Templates/Python/TSP/TSP]$ python ./src/core.py ./data/berlin52.tsp

Best Chromosome:  [1, 21, 36, 39, 48, 23, 32, 49, 3, 41, 50, 4, 46, 5, 2, 37, 52, 51, 26, 34, 22, 40, 38, 19, 35, 33, 27, 13, 7, 24, 30, 42, 31, 12, 20, 29, 25, 28, 45, 10, 9, 43, 15, 47, 14, 17, 44, 11, 6, 16, 8, 18, 1]
Best Chromosome Fitness:  3.9190865486495794e-05
Best Chromosome Distance:  25516.149939188643
-------------------------
Average Fitness:  3.34494241967356e-05
Average Distance:  29895.88084142842
-------------------------
Worst Fitness:  2.982203047727281e-05
Worst Distance:  33532.25732775285
=========================
=========================
Generation:  1
-------------------------
Best Chromosome:  [1, 32, 23, 4, 17, 20, 46, 24, 37, 40, 51, 48, 16, 50, 10, 49, 25, 12, 43, 39, 13, 27, 28, 26, 14, 52, 11, 33, 9, 19, 3, 18, 15, 34, 35, 30, 42, 7, 2, 31, 22, 44, 47, 38, 6, 5, 21, 29, 8, 41, 36, 45, 1]
Best Chromosome Fitness:  5.5739997143025454e-05
Best Chromosome Distance:  17940.438666224913
-------------------------
Average Fitness:  4.364864394089852e-05
Average Distance:  22910.219189261134
-------------------------
Worst Fitness:  3.798955095155228e-05
Worst Distance:  26323.027647136198
=========================
=========================
Generation:  2
-------------------------
Best Chromosome:  [1, 15, 47, 26, 25, 32, 16, 44, 30, 7, 36, 20, 12, 27, 52, 11, 51, 33, 43, 8, 37, 46, 29, 23, 22, 18, 31, 21, 17, 42, 2, 40, 38, 48, 24, 6, 4, 28, 13, 14, 50, 35, 39, 49, 3, 45, 19, 41, 9, 10, 34, 5, 1]
Best Chromosome Fitness:  6.442165329097604e-05
Best Chromosome Distance:  15522.731083650666
-------------------------
Average Fitness:  5.0635712096792664e-05
Average Distance:  19748.90761066914
-------------------------
Worst Fitness:  4.070010118315775e-05
Worst Distance:  24569.96348730979
=========================
=========================
Generation:  3
-------------------------
Best Chromosome:  [1, 4, 6, 24, 48, 37, 34, 35, 36, 32, 22, 21, 20, 50, 44, 46, 28, 47, 13, 33, 10, 8, 39, 45, 18, 31, 42, 7, 17, 3, 41, 9, 19, 40, 5, 43, 12, 51, 11, 52, 14, 27, 26, 49, 16, 15, 23, 38, 25, 2, 30, 29, 1]
Best Chromosome Fitness:  6.734705172903854e-05
Best Chromosome Distance:  14848.459944814815
-------------------------
Average Fitness:  5.2406545728591405e-05
Average Distance:  19081.585822864694
-------------------------
Worst Fitness:  4.204335755686769e-05
Worst Distance:  23784.97004306575
=========================
=========================
Generation:  4
-------------------------
Best Chromosome:  [1, 34, 5, 42, 18, 45, 31, 48, 24, 50, 20, 29, 30, 21, 32, 49, 35, 39, 37, 38, 15, 6, 4, 43, 51, 27, 23, 44, 16, 46, 25, 28, 26, 47, 13, 14, 52, 11, 12, 33, 10, 9, 8, 22, 36, 40, 19, 41, 3, 17, 7, 2, 1]
Best Chromosome Fitness:  7.365585095294e-05
Best Chromosome Distance:  13576.653952975403
-------------------------
Average Fitness:  5.440044504979917e-05
Average Distance:  18382.20255522876
-------------------------
Worst Fitness:  4.162622412366194e-05
Worst Distance:  24023.317537262807
=========================
=========================
Generation:  5
-------------------------
Best Chromosome:  [1, 34, 5, 42, 18, 45, 31, 48, 24, 50, 20, 29, 30, 21, 32, 49, 35, 39, 37, 38, 15, 6, 4, 43, 51, 27, 23, 44, 16, 46, 25, 28, 26, 47, 13, 14, 52, 11, 12, 33, 10, 9, 8, 22, 36, 40, 19, 41, 3, 17, 7, 2, 1]
Best Chromosome Fitness:  7.365585095294e-05
Best Chromosome Distance:  13576.653952975403
-------------------------
Average Fitness:  5.502384207090078e-05
Average Distance:  18173.939920652097
-------------------------
Worst Fitness:  4.225547553558485e-05
Worst Distance:  23665.572031200176
=========================
=========================
Generation:  6
-------------------------
Best Chromosome:  [1, 18, 45, 34, 5, 24, 48, 37, 35, 20, 50, 29, 30, 42, 21, 31, 32, 49, 39, 38, 15, 6, 4, 43, 51, 27, 23, 44, 16, 46, 25, 28, 26, 47, 13, 14, 52, 11, 12, 33, 10, 9, 8, 22, 36, 40, 19, 41, 3, 17, 7, 2, 1]
Best Chromosome Fitness:  8.188374631513628e-05
Best Chromosome Distance:  12212.435861830483
-------------------------
Average Fitness:  5.674828106950563e-05
Average Distance:  17621.67912672446
-------------------------
Worst Fitness:  3.9026372102097075e-05
Worst Distance:  25623.69869748321
=========================
=========================
Generation:  7
-------------------------
Best Chromosome:  [1, 19, 9, 10, 8, 41, 45, 22, 44, 34, 35, 40, 38, 43, 33, 25, 6, 28, 24, 36, 49, 18, 31, 21, 42, 7, 2, 30, 23, 20, 50, 29, 16, 46, 37, 39, 5, 4, 12, 51, 11, 52, 13, 27, 26, 47, 14, 32, 3, 17, 48, 15, 1]
Best Chromosome Fitness:  8.476334355523546e-05
Best Chromosome Distance:  11797.55255110196
-------------------------
Average Fitness:  5.8626679411810304e-05
Average Distance:  17057.080667586823
-------------------------
Worst Fitness:  4.328313646609788e-05
Worst Distance:  23103.686138440175
=========================
=========================
Generation:  8
-------------------------
Best Chromosome:  [1, 19, 9, 10, 8, 41, 45, 22, 44, 34, 35, 40, 38, 43, 33, 25, 6, 28, 24, 36, 49, 18, 31, 21, 42, 7, 2, 30, 23, 20, 50, 29, 16, 46, 37, 39, 5, 4, 12, 51, 11, 52, 13, 27, 26, 47, 14, 32, 3, 17, 48, 15, 1]
Best Chromosome Fitness:  8.476334355523546e-05
Best Chromosome Distance:  11797.55255110196
-------------------------
Average Fitness:  6.105883809429967e-05
Average Distance:  16377.645418925158
-------------------------
Worst Fitness:  4.604151995710262e-05
Worst Distance:  21719.526221803946
=========================
=========================
Generation:  9
-------------------------
Best Chromosome:  [1, 46, 5, 50, 36, 35, 49, 39, 38, 48, 24, 25, 15, 43, 10, 9, 8, 41, 19, 45, 3, 18, 21, 42, 2, 29, 30, 23, 31, 22, 32, 44, 20, 16, 47, 26, 28, 27, 13, 14, 52, 11, 12, 51, 33, 4, 6, 40, 37, 34, 7, 17, 1]
Best Chromosome Fitness:  8.78537890182204e-05
Best Chromosome Distance:  11382.548335992718
-------------------------
Average Fitness:  6.299830862858038e-05
Average Distance:  15873.442029939371
-------------------------
Worst Fitness:  4.4149720908826186e-05
Worst Distance:  22650.199806814297
=========================
=========================
Generation:  10
-------------------------
Best Chromosome:  [1, 46, 5, 50, 36, 35, 49, 39, 38, 48, 24, 25, 15, 43, 10, 9, 8, 41, 19, 45, 3, 18, 21, 42, 2, 29, 30, 23, 31, 22, 32, 44, 20, 16, 47, 26, 28, 27, 13, 14, 52, 11, 12, 51, 33, 4, 6, 40, 37, 34, 7, 17, 1]
Best Chromosome Fitness:  8.78537890182204e-05
Best Chromosome Distance:  11382.548335992718
-------------------------
Average Fitness:  6.419380784067179e-05
Average Distance:  15577.826485725653
-------------------------
Worst Fitness:  4.253884334917124e-05
Worst Distance:  23507.926433065146
=========================
=========================
Generation:  11
-------------------------
Best Chromosome:  [1, 32, 23, 24, 6, 48, 36, 39, 38, 20, 50, 5, 15, 43, 10, 9, 8, 41, 45, 19, 3, 17, 18, 22, 31, 21, 42, 7, 2, 30, 16, 44, 34, 35, 49, 40, 37, 25, 4, 33, 51, 12, 11, 52, 14, 13, 27, 28, 26, 47, 46, 29, 1]
Best Chromosome Fitness:  9.469628209826409e-05
Best Chromosome Distance:  10560.076677163774
-------------------------
Average Fitness:  6.475424658084286e-05
Average Distance:  15443.002626114157
-------------------------
Worst Fitness:  4.5612248222936004e-05
Worst Distance:  21923.935761998957
=========================
=========================
Generation:  12
-------------------------
Best Chromosome:  [1, 32, 23, 24, 6, 48, 36, 39, 38, 20, 50, 5, 15, 43, 10, 9, 8, 41, 19, 45, 3, 17, 18, 22, 31, 21, 42, 7, 2, 30, 16, 44, 34, 35, 49, 40, 37, 25, 4, 33, 51, 12, 11, 52, 14, 13, 27, 28, 26, 47, 46, 29, 1]
Best Chromosome Fitness:  9.524514636303641e-05
Best Chromosome Distance:  10499.222671026195
-------------------------
Average Fitness:  6.760394232117324e-05
Average Distance:  14792.036760950918
-------------------------
Worst Fitness:  4.516102985425112e-05
Worst Distance:  22142.984852810383
=========================
=========================
Generation:  13
-------------------------
Best Chromosome:  [1, 32, 23, 24, 6, 48, 36, 39, 38, 20, 50, 5, 15, 43, 10, 9, 8, 41, 19, 45, 3, 17, 18, 22, 31, 21, 42, 7, 2, 30, 16, 44, 34, 35, 49, 40, 37, 25, 4, 33, 51, 12, 11, 52, 14, 13, 27, 28, 26, 47, 46, 29, 1]
Best Chromosome Fitness:  9.524514636303641e-05
Best Chromosome Distance:  10499.222671026195
-------------------------
Average Fitness:  7.037397742715759e-05
Average Distance:  14209.797947473922
-------------------------
Worst Fitness:  4.154195368842392e-05
Worst Distance:  24072.05033013794
=========================
=========================
Generation:  14
-------------------------
Best Chromosome:  [1, 40, 5, 15, 6, 24, 18, 31, 19, 45, 32, 49, 36, 35, 34, 39, 37, 48, 44, 50, 20, 30, 29, 16, 46, 25, 4, 33, 51, 11, 52, 14, 13, 47, 26, 27, 28, 12, 43, 10, 9, 8, 41, 38, 22, 3, 17, 21, 23, 42, 7, 2, 1]
Best Chromosome Fitness:  9.645097519031993e-05
Best Chromosome Distance:  10367.961526845844
-------------------------
Average Fitness:  6.943154737224597e-05
Average Distance:  14402.674833655405
-------------------------
Worst Fitness:  4.327370535777976e-05
Worst Distance:  23108.72137553665
=========================
=========================
Generation:  15
-------------------------
Best Chromosome:  [1, 40, 5, 15, 6, 24, 18, 31, 19, 45, 32, 49, 36, 35, 34, 39, 37, 48, 44, 50, 20, 30, 29, 16, 46, 25, 4, 33, 51, 11, 52, 14, 13, 47, 26, 27, 28, 12, 43, 10, 9, 8, 41, 38, 22, 3, 17, 21, 23, 42, 7, 2, 1]
Best Chromosome Fitness:  9.645097519031993e-05
Best Chromosome Distance:  10367.961526845844
-------------------------
Average Fitness:  6.871566649527632e-05
Average Distance:  14552.722122963653
-------------------------
Worst Fitness:  4.577993606804266e-05
Worst Distance:  21843.630329970343
=========================
=========================
Generation:  16
-------------------------
Best Chromosome:  [1, 40, 5, 15, 6, 24, 48, 37, 39, 45, 19, 18, 31, 32, 49, 36, 35, 34, 44, 50, 20, 30, 29, 16, 46, 25, 4, 33, 51, 11, 52, 14, 13, 47, 26, 27, 28, 12, 43, 10, 9, 8, 41, 38, 22, 3, 17, 21, 23, 42, 7, 2, 1]
Best Chromosome Fitness:  9.976594972127905e-05
Best Chromosome Distance:  10023.459935917497
-------------------------
Average Fitness:  6.87411049006419e-05
Average Distance:  14547.336727353973
-------------------------
Worst Fitness:  4.5964979387788014e-05
Worst Distance:  21755.693428325136
=========================
=========================
Generation:  17
-------------------------
Best Chromosome:  [1, 40, 5, 15, 6, 24, 48, 37, 39, 45, 19, 18, 31, 32, 49, 36, 35, 34, 44, 50, 20, 30, 29, 16, 46, 25, 4, 33, 51, 11, 52, 14, 13, 47, 26, 27, 28, 12, 43, 10, 9, 8, 41, 38, 22, 3, 17, 21, 23, 42, 7, 2, 1]
Best Chromosome Fitness:  9.976594972127905e-05
Best Chromosome Distance:  10023.459935917497
-------------------------
Average Fitness:  7.005347452722111e-05
Average Distance:  14274.809447337604
-------------------------
Worst Fitness:  4.8179226187398876e-05
Worst Distance:  20755.83356424987
=========================
=========================
Generation:  18
-------------------------
Best Chromosome:  [1, 40, 5, 15, 6, 24, 48, 37, 39, 45, 19, 18, 31, 32, 49, 36, 35, 34, 44, 50, 20, 30, 29, 16, 46, 25, 4, 33, 51, 11, 52, 14, 13, 47, 26, 27, 28, 12, 43, 10, 9, 8, 41, 38, 22, 3, 17, 21, 23, 42, 7, 2, 1]
Best Chromosome Fitness:  9.976594972127905e-05
Best Chromosome Distance:  10023.459935917497
-------------------------
Average Fitness:  7.182574942959234e-05
Average Distance:  13922.583585156413
-------------------------
Worst Fitness:  3.999682031975124e-05
Worst Distance:  25001.98745814251
=========================
=========================
Generation:  19
-------------------------
Best Chromosome:  [1, 40, 5, 15, 6, 24, 48, 37, 39, 45, 19, 18, 31, 32, 49, 36, 35, 34, 44, 50, 20, 30, 29, 16, 46, 25, 4, 12, 28, 27, 26, 47, 13, 14, 52, 11, 51, 33, 43, 10, 9, 8, 41, 38, 22, 3, 17, 21, 23, 42, 7, 2, 1]
Best Chromosome Fitness:  0.00010329411548867435
Best Chromosome Distance:  9681.09359636895
-------------------------
Average Fitness:  7.29786716569639e-05
Average Distance:  13702.633622882286
-------------------------
Worst Fitness:  4.710226722736892e-05
Worst Distance:  21230.400548934656
=========================
=========================
Generation:  20
-------------------------
Best Chromosome:  [1, 40, 5, 15, 6, 24, 48, 37, 39, 45, 19, 18, 31, 32, 49, 36, 35, 34, 44, 50, 20, 30, 29, 16, 46, 25, 4, 12, 28, 27, 26, 47, 13, 14, 52, 11, 51, 33, 43, 10, 9, 8, 41, 38, 22, 3, 17, 21, 23, 42, 7, 2, 1]
Best Chromosome Fitness:  0.00010329411548867435
Best Chromosome Distance:  9681.09359636895
-------------------------
Average Fitness:  7.388566894425086e-05
Average Distance:  13534.424392293618
-------------------------
Worst Fitness:  4.918520599932983e-05
Worst Distance:  20331.31669741559
=========================
=========================
Generation:  21
-------------------------
Best Chromosome:  [1, 40, 5, 15, 6, 24, 48, 37, 39, 45, 19, 18, 31, 32, 49, 36, 35, 34, 44, 50, 20, 30, 29, 16, 46, 25, 4, 12, 28, 27, 26, 47, 13, 14, 52, 11, 51, 33, 43, 10, 9, 8, 41, 38, 22, 3, 17, 21, 23, 42, 7, 2, 1]
Best Chromosome Fitness:  0.00010329411548867435
Best Chromosome Distance:  9681.09359636895
-------------------------
Average Fitness:  7.397182681485989e-05
Average Distance:  13518.660320541308
-------------------------
Worst Fitness:  5.2381468666091625e-05
Worst Distance:  19090.720926031143
=========================
=========================
Generation:  22
-------------------------
Best Chromosome:  [1, 40, 5, 15, 6, 24, 48, 37, 39, 45, 19, 18, 31, 32, 49, 36, 35, 34, 44, 50, 20, 30, 29, 16, 46, 25, 4, 12, 28, 27, 26, 47, 13, 14, 52, 11, 51, 33, 43, 10, 9, 8, 41, 38, 22, 3, 17, 21, 23, 42, 7, 2, 1]
Best Chromosome Fitness:  0.00010329411548867435
Best Chromosome Distance:  9681.09359636895
-------------------------
Average Fitness:  7.479593570206018e-05
Average Distance:  13369.710407573068
-------------------------
Worst Fitness:  4.516925770207335e-05
Worst Distance:  22138.951376969344
=========================
=========================
Generation:  23
-------------------------
Best Chromosome:  [1, 40, 5, 15, 6, 24, 48, 37, 39, 45, 19, 18, 31, 32, 49, 36, 35, 34, 44, 50, 20, 30, 29, 16, 46, 25, 4, 12, 28, 27, 26, 47, 13, 14, 52, 11, 51, 33, 43, 10, 9, 8, 41, 38, 22, 3, 17, 21, 23, 42, 7, 2, 1]
Best Chromosome Fitness:  0.00010329411548867435
Best Chromosome Distance:  9681.09359636895
-------------------------
Average Fitness:  7.652694972541609e-05
Average Distance:  13067.292027031892
-------------------------
Worst Fitness:  5.147568985716419e-05
Worst Distance:  19426.6459133393
=========================
=========================
Generation:  24
-------------------------
Best Chromosome:  [1, 40, 5, 15, 6, 24, 48, 37, 39, 45, 19, 18, 31, 32, 49, 36, 35, 34, 44, 50, 20, 30, 29, 16, 46, 25, 4, 12, 28, 27, 26, 47, 13, 14, 52, 11, 51, 33, 43, 10, 9, 8, 41, 38, 22, 3, 17, 21, 23, 42, 7, 2, 1]
Best Chromosome Fitness:  0.00010329411548867435
Best Chromosome Distance:  9681.09359636895
-------------------------
Average Fitness:  7.815452585477191e-05
Average Distance:  12795.16431151047
-------------------------
Worst Fitness:  4.880409651421646e-05
Worst Distance:  20490.083239399864
=========================
=========================
Generation:  25
-------------------------
Best Chromosome:  [1, 40, 5, 15, 6, 24, 48, 37, 39, 36, 34, 35, 49, 32, 45, 19, 18, 31, 44, 50, 20, 30, 29, 16, 46, 25, 4, 12, 28, 27, 26, 47, 13, 14, 52, 11, 51, 33, 43, 10, 9, 8, 41, 38, 22, 3, 17, 21, 23, 42, 7, 2, 1]
Best Chromosome Fitness:  0.00010342200441782455
Best Chromosome Distance:  9669.12221078218
-------------------------
Average Fitness:  8.116824493176245e-05
Average Distance:  12320.088981111921
-------------------------
Worst Fitness:  4.408322711552977e-05
Worst Distance:  22684.36467637182
=========================
=========================
Generation:  26
-------------------------
Best Chromosome:  [1, 40, 5, 15, 6, 24, 48, 37, 39, 36, 34, 35, 49, 32, 45, 19, 18, 31, 44, 50, 20, 30, 29, 16, 46, 25, 4, 12, 28, 27, 26, 47, 13, 14, 52, 11, 51, 33, 43, 10, 9, 8, 41, 38, 22, 3, 17, 21, 23, 42, 7, 2, 1]
Best Chromosome Fitness:  0.00010342200441782455
Best Chromosome Distance:  9669.12221078218
-------------------------
Average Fitness:  7.890909779572479e-05
Average Distance:  12672.809953913564
-------------------------
Worst Fitness:  4.806654388711268e-05
Worst Distance:  20804.491422319927
=========================
=========================
Generation:  27
-------------------------
Best Chromosome:  [1, 40, 5, 15, 6, 24, 48, 37, 39, 36, 34, 35, 49, 32, 45, 19, 18, 31, 44, 50, 20, 30, 29, 16, 46, 25, 4, 12, 28, 27, 26, 47, 13, 14, 52, 11, 51, 33, 43, 10, 9, 8, 41, 38, 22, 3, 17, 21, 23, 42, 7, 2, 1]
Best Chromosome Fitness:  0.00010342200441782455
Best Chromosome Distance:  9669.12221078218
-------------------------
Average Fitness:  7.874681926717258e-05
Average Distance:  12698.925611296061
-------------------------
Worst Fitness:  5.05426071770552e-05
Worst Distance:  19785.287223053452
=========================
=========================
Generation:  28
-------------------------
Best Chromosome:  [1, 32, 5, 24, 48, 6, 38, 39, 36, 35, 49, 45, 22, 18, 31, 21, 42, 7, 2, 30, 23, 20, 50, 34, 37, 40, 15, 4, 25, 46, 16, 44, 17, 3, 19, 41, 8, 9, 10, 43, 33, 51, 11, 52, 14, 13, 27, 12, 28, 26, 47, 29, 1]
Best Chromosome Fitness:  0.00010528350273442907
Best Chromosome Distance:  9498.164233027432
-------------------------
Average Fitness:  8.044285130952789e-05
Average Distance:  12431.185415745664
-------------------------
Worst Fitness:  4.5079227569044046e-05
Worst Distance:  22183.166259190766
=========================
=========================
Generation:  29
-------------------------
Best Chromosome:  [1, 32, 5, 24, 48, 6, 38, 39, 36, 35, 49, 45, 22, 18, 31, 21, 42, 7, 2, 30, 23, 20, 50, 34, 37, 40, 15, 4, 25, 46, 16, 44, 17, 3, 19, 41, 8, 9, 10, 43, 33, 51, 11, 52, 14, 13, 27, 12, 28, 26, 47, 29, 1]
Best Chromosome Fitness:  0.00010528350273442907
Best Chromosome Distance:  9498.164233027432
-------------------------
Average Fitness:  8.172576111709424e-05
Average Distance:  12236.043890337463
-------------------------
Worst Fitness:  4.902515648775072e-05
Worst Distance:  20397.691137403242
=========================
=========================
Generation:  30
-------------------------
Best Chromosome:  [1, 32, 5, 24, 48, 6, 38, 39, 36, 35, 49, 45, 22, 18, 31, 21, 42, 7, 2, 30, 20, 50, 16, 44, 46, 25, 4, 15, 40, 37, 34, 23, 17, 3, 19, 41, 8, 9, 10, 43, 33, 51, 11, 52, 14, 13, 27, 12, 28, 26, 47, 29, 1]
Best Chromosome Fitness:  0.00010650371353302443
Best Chromosome Distance:  9389.343965831973
-------------------------
Average Fitness:  8.503366439898861e-05
Average Distance:  11760.048294612763
-------------------------
Worst Fitness:  5.689106350294098e-05
Worst Distance:  17577.45309064762
=========================
=========================
Generation:  31
-------------------------
Best Chromosome:  [1, 44, 39, 34, 38, 5, 36, 35, 37, 48, 24, 6, 43, 10, 9, 8, 41, 19, 45, 32, 49, 22, 31, 18, 3, 17, 21, 42, 7, 2, 30, 23, 20, 50, 29, 16, 46, 40, 15, 25, 4, 33, 51, 12, 11, 52, 13, 14, 27, 28, 26, 47, 1]
Best Chromosome Fitness:  0.00010709607131497486
Best Chromosome Distance:  9337.410679229777
-------------------------
Average Fitness:  8.324914821435297e-05
Average Distance:  12012.134916085426
-------------------------
Worst Fitness:  5.189432725797997e-05
Worst Distance:  19269.9289660071
=========================
=========================
Generation:  32
-------------------------
Best Chromosome:  [1, 32, 49, 45, 19, 41, 8, 9, 10, 43, 15, 6, 5, 24, 48, 38, 39, 36, 34, 16, 22, 31, 18, 3, 17, 21, 42, 7, 2, 30, 23, 20, 50, 44, 35, 40, 37, 25, 4, 33, 51, 12, 11, 52, 14, 13, 27, 28, 26, 47, 46, 29, 1]
Best Chromosome Fitness:  0.00010793085431709154
Best Chromosome Distance:  9265.191184923695
-------------------------
Average Fitness:  8.417183093015784e-05
Average Distance:  11880.459162516696
-------------------------
Worst Fitness:  5.469598154568175e-05
Worst Distance:  18282.8787735495
=========================
=========================
Generation:  33
-------------------------
Best Chromosome:  [1, 40, 5, 6, 24, 48, 38, 37, 39, 36, 35, 49, 22, 32, 45, 10, 9, 8, 41, 19, 3, 17, 7, 2, 42, 21, 31, 18, 23, 30, 20, 50, 29, 16, 44, 34, 46, 25, 4, 15, 43, 33, 51, 12, 11, 52, 14, 13, 27, 28, 26, 47, 1]
Best Chromosome Fitness:  0.00010960913258429263
Best Chromosome Distance:  9123.327376311192
-------------------------
Average Fitness:  8.562063311305215e-05
Average Distance:  11679.427769234264
-------------------------
Worst Fitness:  6.368328441155478e-05
Worst Distance:  15702.707692296075
=========================
=========================
Generation:  34
-------------------------
Best Chromosome:  [1, 40, 5, 6, 24, 48, 38, 37, 39, 36, 35, 49, 22, 32, 45, 10, 9, 8, 41, 19, 3, 17, 7, 2, 42, 21, 31, 18, 23, 30, 20, 50, 29, 16, 44, 34, 46, 25, 4, 15, 43, 33, 51, 12, 11, 52, 14, 13, 27, 28, 26, 47, 1]
Best Chromosome Fitness:  0.00010960913258429263
Best Chromosome Distance:  9123.327376311192
-------------------------
Average Fitness:  8.62712297665686e-05
Average Distance:  11591.349777970998
-------------------------
Worst Fitness:  6.167006558239475e-05
Worst Distance:  16215.322467331294
=========================
=========================
Generation:  35
-------------------------
Best Chromosome:  [1, 40, 5, 6, 24, 48, 38, 37, 39, 36, 35, 49, 22, 32, 45, 10, 9, 8, 41, 19, 3, 17, 7, 2, 42, 21, 31, 18, 23, 30, 20, 50, 16, 44, 34, 46, 25, 4, 15, 43, 33, 51, 12, 11, 52, 14, 13, 27, 28, 26, 47, 29, 1]
Best Chromosome Fitness:  0.00011111960849325881
Best Chromosome Distance:  8999.311764679824
-------------------------
Average Fitness:  8.75720907326182e-05
Average Distance:  11419.163247492588
-------------------------
Worst Fitness:  6.606325359704754e-05
Worst Distance:  15137.008027177932
=========================
=========================
Generation:  36
-------------------------
Best Chromosome:  [1, 40, 5, 6, 24, 48, 38, 37, 39, 36, 35, 49, 22, 32, 45, 10, 9, 8, 41, 19, 3, 17, 7, 2, 42, 21, 31, 18, 23, 30, 20, 50, 16, 44, 34, 46, 25, 4, 15, 43, 33, 51, 12, 11, 52, 14, 13, 27, 28, 26, 47, 29, 1]
Best Chromosome Fitness:  0.00011111960849325881
Best Chromosome Distance:  8999.311764679824
-------------------------
Average Fitness:  8.822214605217881e-05
Average Distance:  11335.022380985292
-------------------------
Worst Fitness:  5.7867569805875945e-05
Worst Distance:  17280.83628454808
=========================
=========================
Generation:  37
-------------------------
Best Chromosome:  [1, 40, 5, 6, 24, 48, 38, 37, 39, 36, 35, 49, 22, 32, 45, 10, 9, 8, 41, 19, 3, 17, 7, 2, 42, 21, 31, 18, 23, 30, 20, 50, 16, 44, 34, 46, 25, 4, 15, 43, 33, 51, 12, 11, 52, 14, 13, 27, 28, 26, 47, 29, 1]
Best Chromosome Fitness:  0.00011111960849325881
Best Chromosome Distance:  8999.311764679824
-------------------------
Average Fitness:  9.291622802721758e-05
Average Distance:  10762.382645441376
-------------------------
Worst Fitness:  7.138676896444739e-05
Worst Distance:  14008.198080767994
=========================
=========================
Generation:  38
-------------------------
Best Chromosome:  [1, 40, 5, 6, 24, 48, 38, 37, 39, 36, 35, 49, 22, 32, 45, 10, 9, 8, 41, 19, 3, 17, 7, 2, 42, 21, 31, 18, 23, 30, 20, 50, 16, 44, 34, 46, 25, 4, 15, 43, 33, 51, 12, 11, 52, 14, 13, 27, 28, 26, 47, 29, 1]
Best Chromosome Fitness:  0.00011111960849325881
Best Chromosome Distance:  8999.311764679824
-------------------------
Average Fitness:  9.506577329167147e-05
Average Distance:  10519.032932408789
-------------------------
Worst Fitness:  6.423002464688004e-05
Worst Distance:  15569.042756837473
=========================
=========================
Generation:  39
-------------------------
Best Chromosome:  [1, 40, 5, 6, 24, 38, 48, 37, 39, 36, 35, 49, 32, 22, 31, 18, 45, 19, 10, 9, 8, 41, 3, 17, 21, 42, 7, 2, 30, 23, 20, 50, 29, 16, 44, 34, 46, 25, 4, 15, 43, 33, 51, 12, 11, 52, 14, 13, 27, 28, 26, 47, 1]
Best Chromosome Fitness:  0.00011132056119108851
Best Chromosome Distance:  8983.066464095875
-------------------------
Average Fitness:  9.685229277947106e-05
Average Distance:  10325.000795561562
-------------------------
Worst Fitness:  7.200768205084057e-05
Worst Distance:  13887.40716988996
=========================
=========================
Generation:  40
-------------------------
Best Chromosome:  [1, 40, 5, 6, 24, 38, 48, 37, 39, 36, 35, 49, 32, 22, 31, 18, 45, 19, 10, 9, 8, 41, 3, 17, 21, 42, 7, 2, 30, 23, 20, 50, 29, 16, 44, 34, 46, 25, 4, 15, 43, 33, 51, 12, 11, 52, 14, 13, 27, 28, 26, 47, 1]
Best Chromosome Fitness:  0.00011132056119108851
Best Chromosome Distance:  8983.066464095875
-------------------------
Average Fitness:  9.885238396465804e-05
Average Distance:  10116.09391592946
-------------------------
Worst Fitness:  7.084585843475396e-05
Worst Distance:  14115.151147769036
=========================
=========================
Generation:  41
-------------------------
Best Chromosome:  [1, 40, 5, 6, 24, 48, 38, 37, 39, 36, 35, 49, 32, 22, 31, 18, 45, 19, 10, 9, 8, 41, 3, 17, 21, 42, 7, 2, 30, 23, 20, 50, 29, 16, 44, 34, 46, 25, 4, 15, 43, 33, 51, 12, 11, 52, 14, 13, 27, 28, 26, 47, 1]
Best Chromosome Fitness:  0.00011189226684162848
Best Chromosome Distance:  8937.168119181935
-------------------------
Average Fitness:  9.860970951509921e-05
Average Distance:  10140.989208034114
-------------------------
Worst Fitness:  6.417527421162204e-05
Worst Distance:  15582.325315859758
=========================
=========================
Generation:  42
-------------------------
Best Chromosome:  [1, 40, 5, 6, 24, 48, 38, 37, 39, 36, 35, 49, 22, 32, 45, 19, 8, 10, 9, 41, 3, 18, 31, 21, 17, 7, 2, 42, 30, 23, 20, 50, 16, 44, 34, 46, 25, 4, 15, 43, 33, 51, 12, 11, 52, 14, 13, 27, 28, 26, 47, 29, 1]
Best Chromosome Fitness:  0.00011282967373189115
Best Chromosome Distance:  8862.916703776229
-------------------------
Average Fitness:  0.00010015287789064813
Average Distance:  9984.73554690909
-------------------------
Worst Fitness:  5.6498376189422956e-05
Worst Distance:  17699.623731614603
=========================
=========================
Generation:  43
-------------------------
Best Chromosome:  [1, 40, 5, 6, 24, 48, 38, 37, 39, 36, 35, 49, 22, 32, 45, 19, 8, 10, 9, 41, 3, 18, 31, 21, 17, 7, 2, 42, 30, 23, 20, 50, 16, 44, 34, 46, 25, 4, 15, 43, 33, 51, 12, 11, 52, 14, 13, 27, 28, 26, 47, 29, 1]
Best Chromosome Fitness:  0.00011282967373189115
Best Chromosome Distance:  8862.916703776229
-------------------------
Average Fitness:  0.00010308436876387328
Average Distance:  9700.79180763687
-------------------------
Worst Fitness:  6.302752356332337e-05
Worst Distance:  15866.0842670632
=========================
=========================
Generation:  44
-------------------------
Best Chromosome:  [1, 40, 38, 5, 6, 24, 48, 37, 39, 36, 35, 49, 32, 22, 31, 18, 45, 19, 10, 9, 8, 41, 3, 17, 21, 42, 7, 2, 30, 23, 20, 50, 16, 44, 34, 46, 25, 4, 15, 43, 33, 51, 12, 11, 52, 14, 13, 27, 28, 26, 47, 29, 1]
Best Chromosome Fitness:  0.00011387132665183253
Best Chromosome Distance:  8781.842008897918
-------------------------
Average Fitness:  0.00010444846587504679
Average Distance:  9574.09945299067
-------------------------
Worst Fitness:  8.37333536176649e-05
Worst Distance:  11942.672266133073
=========================
=========================
Generation:  45
-------------------------
Best Chromosome:  [1, 40, 38, 5, 6, 24, 48, 37, 39, 36, 35, 49, 32, 22, 31, 18, 45, 19, 10, 9, 8, 41, 3, 17, 21, 42, 7, 2, 30, 23, 20, 50, 16, 44, 34, 46, 25, 4, 15, 43, 33, 51, 12, 11, 52, 14, 13, 27, 28, 26, 47, 29, 1]
Best Chromosome Fitness:  0.00011387132665183253
Best Chromosome Distance:  8781.842008897918
-------------------------
Average Fitness:  0.00010513550635682069
Average Distance:  9511.534539112672
-------------------------
Worst Fitness:  6.632769791630674e-05
Worst Distance:  15076.657737493235
=========================
=========================
Generation:  46
-------------------------
Best Chromosome:  [1, 40, 5, 15, 6, 24, 48, 38, 39, 36, 35, 49, 32, 22, 31, 18, 45, 19, 10, 9, 8, 41, 3, 17, 21, 42, 7, 2, 30, 23, 20, 50, 16, 44, 34, 37, 46, 25, 4, 43, 33, 51, 12, 11, 52, 14, 13, 27, 28, 26, 47, 29, 1]
Best Chromosome Fitness:  0.00011393583674688138
Best Chromosome Distance:  8776.86975891167
-------------------------
Average Fitness:  0.00010560156853035004
Average Distance:  9469.556313575007
-------------------------
Worst Fitness:  7.660906591459557e-05
Worst Distance:  13053.285378976014
=========================
=========================
Generation:  47
-------------------------
Best Chromosome:  [1, 40, 38, 15, 6, 5, 24, 48, 39, 36, 35, 49, 32, 22, 31, 18, 45, 19, 10, 9, 8, 41, 3, 17, 21, 42, 7, 2, 30, 23, 20, 50, 16, 44, 34, 37, 46, 25, 4, 43, 33, 51, 12, 11, 52, 14, 13, 27, 28, 26, 47, 29, 1]
Best Chromosome Fitness:  0.00011414581422864589
Best Chromosome Distance:  8760.724225917706
-------------------------
Average Fitness:  0.0001070202440554539
Average Distance:  9344.026532791659
-------------------------
Worst Fitness:  8.49886994296879e-05
Worst Distance:  11766.270183100181
=========================
=========================
Generation:  48
-------------------------
Best Chromosome:  [1, 40, 38, 15, 6, 5, 24, 48, 39, 36, 35, 49, 32, 22, 31, 18, 45, 19, 10, 9, 8, 41, 3, 17, 21, 42, 7, 2, 30, 23, 20, 50, 16, 44, 34, 37, 46, 25, 4, 43, 33, 51, 12, 11, 52, 14, 13, 27, 28, 26, 47, 29, 1]
Best Chromosome Fitness:  0.00011414581422864589
Best Chromosome Distance:  8760.724225917706
-------------------------
Average Fitness:  0.00010566641677518565
Average Distance:  9463.744778320492
-------------------------
Worst Fitness:  7.755727869087263e-05
Worst Distance:  12893.69633488295
=========================
=========================
Generation:  49
-------------------------
Best Chromosome:  [1, 40, 38, 5, 6, 24, 48, 37, 39, 34, 35, 36, 49, 32, 45, 19, 8, 10, 9, 41, 3, 18, 22, 31, 21, 17, 42, 7, 2, 30, 23, 20, 50, 16, 44, 46, 25, 4, 15, 43, 33, 51, 12, 11, 52, 14, 13, 27, 28, 26, 47, 29, 1]
Best Chromosome Fitness:  0.00011416387733097344
Best Chromosome Distance:  8759.338096943675
-------------------------
Average Fitness:  0.00010589628324281663
Average Distance:  9443.202059387047
-------------------------
Worst Fitness:  6.381849049801813e-05
Worst Distance:  15669.439878573356
=========================
=========================
Generation:  50
-------------------------
Best Chromosome:  [1, 40, 38, 5, 6, 24, 48, 37, 39, 34, 35, 36, 49, 32, 45, 19, 8, 10, 9, 41, 3, 18, 22, 31, 21, 17, 42, 7, 2, 30, 23, 20, 50, 16, 44, 46, 25, 4, 15, 43, 33, 51, 12, 11, 52, 14, 13, 27, 28, 26, 47, 29, 1]
Best Chromosome Fitness:  0.00011416387733097344
Best Chromosome Distance:  8759.338096943675
-------------------------
Average Fitness:  0.00010515858435231938
Average Distance:  9509.447147459094
-------------------------
Worst Fitness:  6.543562410244086e-05
Worst Distance:  15282.195496973924
=========================
=========================
Generation:  51
-------------------------
Best Chromosome:  [1, 40, 38, 5, 6, 24, 48, 37, 39, 34, 35, 36, 49, 32, 45, 19, 8, 10, 9, 41, 3, 18, 22, 31, 21, 17, 42, 7, 2, 30, 23, 20, 50, 16, 44, 46, 25, 4, 15, 43, 33, 51, 12, 11, 52, 14, 13, 27, 28, 26, 47, 29, 1]
Best Chromosome Fitness:  0.00011416387733097344
Best Chromosome Distance:  8759.338096943675
-------------------------
Average Fitness:  0.00010493593692366074
Average Distance:  9529.623781102602
-------------------------
Worst Fitness:  7.113189690711785e-05
Worst Distance:  14058.39072878618
=========================
=========================
Generation:  52
-------------------------
Best Chromosome:  [1, 40, 38, 5, 6, 24, 48, 37, 39, 34, 35, 36, 49, 32, 45, 19, 8, 10, 9, 41, 3, 18, 22, 31, 21, 17, 42, 7, 2, 30, 23, 20, 50, 16, 44, 46, 25, 4, 15, 43, 33, 51, 12, 11, 52, 14, 13, 27, 28, 26, 47, 29, 1]
Best Chromosome Fitness:  0.00011416387733097344
Best Chromosome Distance:  8759.338096943675
-------------------------
Average Fitness:  0.00010547666896822784
Average Distance:  9480.769631635074
-------------------------
Worst Fitness:  7.294107713726627e-05
Worst Distance:  13709.69608960012
=========================
=========================
Generation:  53
-------------------------
Best Chromosome:  [1, 40, 38, 5, 6, 24, 48, 37, 39, 34, 35, 36, 49, 32, 45, 19, 8, 10, 9, 41, 3, 18, 22, 31, 21, 17, 42, 7, 2, 30, 23, 20, 50, 16, 44, 46, 25, 4, 15, 43, 33, 51, 12, 11, 52, 14, 13, 27, 28, 26, 47, 29, 1]
Best Chromosome Fitness:  0.00011416387733097344
Best Chromosome Distance:  8759.338096943675
-------------------------
Average Fitness:  0.00010639756828470581
Average Distance:  9398.711043133359
-------------------------
Worst Fitness:  7.573165373028804e-05
Worst Distance:  13204.51820003055
=========================
=========================
=========================
=========================
Generation:  82
-------------------------
Best Chromosome:  [1, 35, 34, 37, 48, 24, 5, 38, 40, 39, 36, 49, 32, 22, 31, 18, 45, 19, 8, 10, 9, 41, 3, 17, 21, 42, 7, 2, 30, 23, 20, 50, 16, 44, 46, 25, 4, 6, 15, 43, 33, 51, 12, 11, 52, 14, 13, 27, 28, 26, 47, 29, 1]
Best Chromosome Fitness:  0.00011620082534634841
Best Chromosome Distance:  8605.790854061475
-------------------------
Average Fitness:  0.00010907861666555654
Average Distance:  9167.699688253997
-------------------------
Worst Fitness:  8.689528585890117e-05
Worst Distance:  11508.1041522066
=========================
=========================
Generation:  83
-------------------------
Best Chromosome:  [1, 35, 34, 37, 48, 24, 5, 38, 40, 39, 36, 49, 32, 22, 31, 18, 45, 19, 8, 10, 9, 41, 3, 17, 21, 42, 7, 2, 30, 23, 20, 50, 16, 44, 46, 25, 4, 6, 15, 43, 33, 51, 12, 11, 52, 14, 13, 27, 28, 26, 47, 29, 1]
Best Chromosome Fitness:  0.00011620082534634841
Best Chromosome Distance:  8605.790854061475
-------------------------
Average Fitness:  0.00010881757334858925
Average Distance:  9189.692153826772
-------------------------
Worst Fitness:  7.070849102921394e-05
Worst Distance:  14142.573055148918
=========================
=========================
Generation:  Final
-------------------------
Best Chromosome:  [1, 35, 34, 37, 48, 24, 5, 38, 40, 39, 36, 49, 32, 22, 31, 18, 45, 19, 8, 10, 9, 41, 3, 17, 21, 42, 7, 2, 30, 23, 20, 50, 16, 44, 46, 25, 4, 6, 15, 43, 33, 51, 12, 11, 52, 14, 13, 27, 28, 26, 47, 29, 1]
Best Chromosome Fitness:  0.00011620082534634841
Best Chromosome Distance:  8605.790854061475
-------------------------
=========================
=========================
Applyong 3-opt on the best chromosome...
Best Chromosome:  [1, 35, 34, 37, 48, 24, 5, 38, 40, 39, 36, 49, 32, 22, 31, 18, 45, 19, 8, 10, 9, 41, 3, 17, 21, 42, 7, 2, 30, 29, 47, 26, 28, 27, 13, 14, 52, 11, 12, 51, 33, 43, 15, 6, 4, 25, 46, 44, 16, 50, 20, 23, 1]
Best Chromosome Fitness:  0.00011818815592456081
Best Chromosome Distance:  8461.084718491567
-------------------------
=========================
=========================
