[suren@HaghDazhDefoov ~/Templates/Python/TSP/TSP]$ python ./src/core.py ./data/berlin52.tsp

Best Chromosome:  [1, 31, 23, 3, 43, 33, 12, 40, 45, 27, 11, 47, 38, 50, 4, 16, 5, 28, 29, 36, 10, 35, 49, 52, 7, 51, 24, 6, 48, 17, 22, 18, 42, 2, 30, 41, 15, 26, 13, 9, 8, 44, 46, 25, 14, 37, 19, 39, 20, 32, 21, 34, 1]
Best Chromosome Fitness:  3.959246435789291e-05
Best Chromosome Distance:  25257.331570992403
-------------------------
Average Fitness:  3.358068186478616e-05
Average Distance:  29779.02604915935
-------------------------
Worst Fitness:  2.9843547957425052e-05
Worst Distance:  33508.080253279695
=========================
=========================
Generation:  1
-------------------------
Best Chromosome:  [1, 31, 23, 3, 43, 33, 12, 34, 40, 45, 27, 11, 47, 38, 50, 4, 16, 5, 28, 29, 36, 10, 35, 49, 52, 7, 51, 24, 6, 48, 17, 22, 18, 42, 2, 30, 41, 15, 26, 13, 9, 8, 44, 46, 25, 14, 37, 19, 39, 20, 32, 21, 1]
Best Chromosome Fitness:  3.977747033759026e-05
Best Chromosome Distance:  25139.85910901393
-------------------------
Average Fitness:  3.529325978462582e-05
Average Distance:  28334.0220229703
-------------------------
Worst Fitness:  3.0044864615564832e-05
Worst Distance:  33283.55819855973
=========================
=========================
Generation:  2
-------------------------
Best Chromosome:  [1, 7, 21, 9, 6, 49, 51, 33, 32, 44, 8, 36, 12, 28, 23, 42, 2, 45, 10, 13, 52, 27, 24, 47, 20, 22, 3, 16, 18, 37, 40, 4, 48, 35, 14, 26, 5, 31, 41, 11, 43, 38, 19, 15, 39, 29, 30, 34, 46, 50, 25, 17, 1]
Best Chromosome Fitness:  4.1131570734997365e-05
Best Chromosome Distance:  24312.224943773814
-------------------------
Average Fitness:  3.604803960569372e-05
Average Distance:  27740.75957911597
-------------------------
Worst Fitness:  3.236618582402957e-05
Worst Distance:  30896.44252297321
=========================
=========================
Generation:  3
-------------------------
Best Chromosome:  [1, 39, 35, 45, 19, 46, 41, 33, 44, 20, 2, 7, 10, 36, 9, 29, 51, 14, 52, 47, 21, 18, 6, 37, 11, 4, 43, 23, 50, 15, 22, 25, 26, 8, 24, 40, 30, 3, 32, 49, 38, 17, 31, 42, 34, 27, 28, 48, 5, 13, 12, 16, 1]
Best Chromosome Fitness:  4.157941892568693e-05
Best Chromosome Distance:  24050.360150228556
-------------------------
Average Fitness:  3.673116526097378e-05
Average Distance:  27224.83735255964
-------------------------
Worst Fitness:  3.284212259522377e-05
Worst Distance:  30448.701879744825
=========================
=========================
Generation:  4
-------------------------
Best Chromosome:  [1, 45, 17, 19, 40, 32, 43, 6, 33, 24, 46, 42, 49, 30, 35, 20, 2, 7, 10, 3, 26, 27, 38, 44, 36, 23, 4, 8, 31, 5, 37, 50, 51, 13, 14, 22, 16, 28, 47, 29, 21, 39, 12, 52, 25, 15, 48, 34, 18, 41, 9, 11, 1]
Best Chromosome Fitness:  4.215909005816532e-05
Best Chromosome Distance:  23719.677028615595
-------------------------
Average Fitness:  3.7597633470436906e-05
Average Distance:  26597.418712172457
-------------------------
Worst Fitness:  3.321826039065184e-05
Worst Distance:  30103.92441506107
=========================
=========================
Generation:  5
-------------------------
Best Chromosome:  [1, 7, 21, 31, 9, 49, 22, 33, 32, 8, 41, 36, 12, 28, 23, 42, 2, 45, 10, 51, 52, 27, 44, 47, 20, 6, 3, 16, 18, 37, 40, 4, 48, 35, 14, 26, 5, 24, 13, 11, 43, 38, 19, 15, 39, 29, 30, 34, 46, 50, 25, 17, 1]
Best Chromosome Fitness:  4.330655920591097e-05
Best Chromosome Distance:  23091.19030318873
-------------------------
Average Fitness:  3.844309165980099e-05
Average Distance:  26012.47602168469
-------------------------
Worst Fitness:  3.394527128793009e-05
Worst Distance:  29459.184212075208
=========================
=========================
Generation:  6
-------------------------
Best Chromosome:  [1, 17, 21, 44, 20, 19, 28, 33, 47, 11, 52, 10, 8, 45, 46, 49, 39, 27, 36, 15, 22, 40, 43, 3, 31, 18, 41, 32, 23, 35, 29, 50, 42, 2, 30, 7, 16, 38, 9, 24, 34, 51, 26, 13, 5, 12, 25, 6, 48, 37, 4, 14, 1]
Best Chromosome Fitness:  4.4922485750853564e-05
Best Chromosome Distance:  22260.566913998056
-------------------------
Average Fitness:  3.9254464850489956e-05
Average Distance:  25474.80914104268
-------------------------
Worst Fitness:  3.456506208175662e-05
Worst Distance:  28930.9476035282
=========================
=========================
Generation:  7
-------------------------
Best Chromosome:  [1, 17, 21, 44, 20, 19, 28, 33, 47, 11, 52, 10, 8, 45, 46, 49, 39, 27, 36, 15, 22, 40, 43, 3, 31, 18, 41, 32, 23, 35, 29, 50, 42, 2, 30, 7, 16, 38, 9, 24, 34, 51, 26, 13, 5, 12, 25, 6, 48, 37, 4, 14, 1]
Best Chromosome Fitness:  4.4922485750853564e-05
Best Chromosome Distance:  22260.566913998056
-------------------------
Average Fitness:  3.917189410408976e-05
Average Distance:  25528.50769336667
-------------------------
Worst Fitness:  3.434649495024402e-05
Worst Distance:  29115.052393225218
=========================
=========================
Generation:  8
-------------------------
Best Chromosome:  [1, 45, 21, 3, 6, 33, 51, 28, 47, 11, 52, 12, 25, 23, 2, 7, 32, 35, 20, 27, 26, 40, 24, 31, 22, 16, 13, 36, 9, 8, 4, 48, 44, 14, 30, 42, 49, 41, 29, 43, 5, 10, 19, 38, 18, 15, 39, 34, 46, 50, 37, 17, 1]
Best Chromosome Fitness:  4.501883773290301e-05
Best Chromosome Distance:  22212.923530656324
-------------------------
Average Fitness:  3.947934060623135e-05
Average Distance:  25329.703704376505
-------------------------
Worst Fitness:  3.487630022379093e-05
Worst Distance:  28672.766135837086
=========================
=========================
Generation:  9
-------------------------
Best Chromosome:  [1, 19, 32, 17, 7, 23, 44, 31, 48, 30, 29, 26, 38, 41, 2, 4, 46, 45, 37, 20, 35, 33, 15, 24, 25, 21, 36, 8, 10, 9, 40, 13, 14, 11, 51, 12, 28, 47, 27, 49, 16, 43, 3, 42, 18, 22, 39, 6, 5, 52, 50, 34, 1]
Best Chromosome Fitness:  4.592354819427267e-05
Best Chromosome Distance:  21775.320926197823
-------------------------
Average Fitness:  4.02998202056541e-05
Average Distance:  24814.00648680063
-------------------------
Worst Fitness:  3.225206973745687e-05
Worst Distance:  31005.762053113172
=========================
=========================
Generation:  10
-------------------------
Best Chromosome:  [1, 19, 9, 21, 6, 32, 35, 31, 33, 38, 40, 16, 49, 23, 42, 7, 2, 28, 44, 20, 47, 26, 52, 24, 4, 34, 36, 48, 10, 41, 8, 50, 14, 11, 51, 12, 22, 30, 29, 27, 13, 43, 3, 25, 5, 15, 39, 18, 46, 37, 17, 45, 1]
Best Chromosome Fitness:  4.764696117097977e-05
Best Chromosome Distance:  20987.69733523043
-------------------------
Average Fitness:  4.1027518637389544e-05
Average Distance:  24373.884485635735
-------------------------
Worst Fitness:  3.443173703363898e-05
Worst Distance:  29042.97273829154
=========================
=========================
Generation:  11
-------------------------
Best Chromosome:  [1, 45, 9, 21, 35, 41, 33, 11, 52, 12, 40, 23, 30, 42, 7, 2, 20, 32, 44, 8, 26, 13, 27, 6, 34, 36, 49, 24, 5, 48, 37, 10, 51, 4, 39, 22, 28, 14, 47, 3, 43, 38, 19, 15, 29, 16, 25, 31, 18, 46, 50, 17, 1]
Best Chromosome Fitness:  4.954289244112094e-05
Best Chromosome Distance:  20184.530024936394
-------------------------
Average Fitness:  4.234659484064821e-05
Average Distance:  23614.649625620114
-------------------------
Worst Fitness:  3.6761020693391285e-05
Worst Distance:  27202.726723520358
=========================
=========================
Generation:  12
-------------------------
Best Chromosome:  [1, 45, 9, 21, 35, 41, 33, 11, 52, 12, 40, 23, 30, 42, 7, 2, 20, 32, 44, 8, 26, 13, 27, 6, 34, 36, 49, 24, 5, 48, 37, 10, 51, 4, 39, 22, 28, 14, 47, 3, 43, 38, 19, 15, 29, 16, 25, 31, 18, 46, 50, 17, 1]
Best Chromosome Fitness:  4.954289244112094e-05
Best Chromosome Distance:  20184.530024936394
-------------------------
Average Fitness:  4.296067847160841e-05
Average Distance:  23277.099793963305
-------------------------
Worst Fitness:  3.5120952322848905e-05
Worst Distance:  28473.0320182526
=========================
=========================
Generation:  13
-------------------------
Best Chromosome:  [1, 19, 21, 17, 37, 23, 32, 31, 44, 33, 52, 29, 26, 38, 41, 30, 42, 7, 2, 20, 35, 5, 15, 24, 25, 48, 8, 9, 36, 16, 10, 4, 40, 13, 14, 11, 51, 12, 28, 47, 27, 49, 3, 43, 18, 22, 39, 6, 46, 50, 45, 34, 1]
Best Chromosome Fitness:  5.071035530726172e-05
Best Chromosome Distance:  19719.83816600867
-------------------------
Average Fitness:  4.455588256639499e-05
Average Distance:  22443.725550938176
-------------------------
Worst Fitness:  3.786917705458398e-05
Worst Distance:  26406.700060014962
=========================
=========================
Generation:  14
-------------------------
Best Chromosome:  [1, 45, 9, 17, 22, 39, 35, 32, 33, 24, 21, 29, 23, 38, 30, 42, 7, 2, 27, 44, 20, 31, 19, 6, 48, 4, 8, 36, 37, 10, 41, 40, 47, 14, 11, 51, 26, 28, 52, 13, 12, 49, 25, 43, 3, 15, 5, 18, 46, 16, 50, 34, 1]
Best Chromosome Fitness:  5.1167144809028124e-05
Best Chromosome Distance:  19543.791308510852
-------------------------
Average Fitness:  4.5084913994762176e-05
Average Distance:  22180.368362600777
-------------------------
Worst Fitness:  3.826367795774706e-05
Worst Distance:  26134.44533754066
=========================
=========================
Generation:  15
-------------------------
Best Chromosome:  [1, 19, 21, 40, 32, 41, 31, 3, 17, 29, 35, 23, 38, 30, 42, 7, 2, 20, 44, 26, 27, 24, 8, 34, 16, 50, 33, 10, 48, 4, 13, 14, 11, 51, 12, 28, 52, 47, 37, 9, 49, 39, 43, 36, 22, 15, 25, 6, 18, 46, 5, 45, 1]
Best Chromosome Fitness:  5.202677733772375e-05
Best Chromosome Distance:  19220.871466027103
-------------------------
Average Fitness:  4.543992079988756e-05
Average Distance:  22007.08061098721
-------------------------
Worst Fitness:  3.8917758701298706e-05
Worst Distance:  25695.21044814509
=========================
=========================
Generation:  16
-------------------------
Best Chromosome:  [1, 45, 9, 3, 16, 6, 32, 19, 31, 21, 30, 29, 49, 35, 23, 42, 7, 2, 20, 44, 27, 26, 33, 15, 4, 34, 36, 48, 8, 10, 41, 40, 13, 14, 11, 51, 38, 28, 12, 52, 47, 43, 39, 25, 5, 22, 24, 18, 46, 37, 50, 17, 1]
Best Chromosome Fitness:  5.350683126397355e-05
Best Chromosome Distance:  18689.202413548748
=========================
=========================
Generation:  98
-------------------------
Best Chromosome:  [1, 49, 32, 45, 3, 17, 21, 50, 16, 29, 30, 42, 7, 2, 23, 20, 44, 40, 38, 15, 4, 43, 33, 10, 9, 8, 41, 19, 37, 46, 28, 27, 26, 47, 13, 14, 52, 11, 51, 12, 25, 6, 5, 48, 24, 39, 36, 35, 34, 22, 31, 18, 1]
Best Chromosome Fitness:  0.00010804007165723976
Best Chromosome Distance:  9255.825034738304
-------------------------
Average Fitness:  0.00010385956535517124
Average Distance:  9628.386144119457
-------------------------
Worst Fitness:  8.853789548684171e-05
Worst Distance:  11294.598708285512
=========================
=========================
Generation:  99
-------------------------
Best Chromosome:  [1, 49, 32, 45, 3, 17, 21, 50, 16, 29, 30, 42, 7, 2, 23, 20, 44, 40, 38, 15, 4, 43, 33, 10, 9, 8, 41, 19, 37, 46, 28, 27, 26, 47, 13, 14, 52, 11, 51, 12, 25, 6, 5, 48, 24, 39, 36, 35, 34, 22, 31, 18, 1]
Best Chromosome Fitness:  0.00010804007165723976
Best Chromosome Distance:  9255.825034738304
-------------------------
Average Fitness:  0.00010460609729821193
Average Distance:  9559.672197206552
-------------------------
Worst Fitness:  9.58743468217316e-05
Worst Distance:  10430.318778175317
=========================
=========================
Generation:  Final
-------------------------
Best Chromosome:  [1, 49, 32, 45, 3, 17, 21, 50, 16, 29, 30, 42, 7, 2, 23, 20, 44, 40, 38, 15, 4, 43, 33, 10, 9, 8, 41, 19, 37, 46, 28, 27, 26, 47, 13, 14, 52, 11, 51, 12, 25, 6, 5, 48, 24, 39, 36, 35, 34, 22, 31, 18, 1]
Best Chromosome Fitness:  0.00010804007165723976
Best Chromosome Distance:  9255.825034738304
-------------------------
=========================
=========================
Applyong 3-opt on the best chromosome...
Best Chromosome:  [1, 35, 34, 37, 40, 39, 36, 49, 32, 45, 19, 41, 8, 9, 10, 33, 43, 15, 38, 48, 24, 5, 6, 4, 25, 12, 51, 11, 52, 14, 13, 47, 26, 27, 28, 46, 44, 16, 29, 50, 20, 23, 30, 2, 7, 42, 21, 17, 3, 18, 31, 22, 1]
Best Chromosome Fitness:  0.00012462890639828485
Best Chromosome Distance:  8023.820708209007
-------------------------
=========================
=========================
